  ***** Calculate block averages ************
   number of averages            2
   1   -3.643709   1.716727
   2   -3.647444   1.754444
   3   -3.640797   1.726806
   4   -3.646593   1.723139
   5   -3.649001   1.698172
   6   -3.636313   1.765423
   7   -3.644570   1.725675
   8   -3.652318   1.707644
   9   -3.651103   1.680136
  10   -3.645154   1.714126
  11   -3.637593   1.766191
  12   -3.642729   1.742671
  13   -3.643509   1.764190
  14   -3.652014   1.694490
  15   -3.636785   1.741970
  16   -3.643435   1.788830
  17   -3.634417   1.791611
  18   -3.642059   1.780552
  19   -3.653086   1.733423
  20   -3.648369   1.725412
 ###### energy       -3.64454990         0.02736350
 ###### press         1.73708157         0.10557649
    nblok      opbl     avenergy   savenergy  avpress    savpress 
   100000         0     0.0004     0.0000     0.0015     0.0000
    50000         1     0.0005     0.0000     0.0020     0.0000
    25000         2     0.0007     0.0000     0.0027     0.0000
    12500         3     0.0009     0.0000     0.0035     0.0000
     6250         4     0.0011     0.0000     0.0043     0.0000
     3125         5     0.0012     0.0000     0.0051     0.0001
     1562         6     0.0013     0.0000     0.0056     0.0001
      781         7     0.0014     0.0000     0.0060     0.0002
      390         8     0.0015     0.0001     0.0063     0.0002
      195         9     0.0014     0.0001     0.0066     0.0003
       97        10     0.0013     0.0001     0.0067     0.0005
       48        11     0.0014     0.0001     0.0068     0.0007
       24        12     0.0012     0.0002     0.0060     0.0009
       12        13     0.0013     0.0003     0.0066     0.0014
        6        14     0.0013     0.0004     0.0084     0.0026
        3        15     0.0007     0.0004     0.0095     0.0047
