  ***** Calculate block averages ************
   number of averages            2
   1   -4.480064   3.861631
   2   -4.467751   4.013640
   3   -4.488627   3.725250
   4   -4.525642   3.678510
   5   -4.511301   3.728097
   6   -4.519051   3.650850
   7   -4.514870   3.683345
   8   -4.535850   3.626667
   9   -4.548745   3.555537
  10   -4.539104   3.620987
  11   -4.509994   3.674012
  12   -4.531136   3.651059
  13   -4.506400   3.774299
  14   -4.598319   3.321608
  15   -4.495257   3.740084
  16   -4.523934   3.640037
  17   -4.537810   3.500509
  18   -4.517857   3.745929
  19   -4.542632   3.613494
  20   -4.507518   3.718545
 ###### energy       -4.52009320         0.03475233
 ###### press         3.67620438         0.14179143
    nblok      opbl     avenergy   savenergy  avpress    savpress 
    10000         0     0.0016     0.0000     0.0063     0.0000
     5000         1     0.0021     0.0000     0.0087     0.0001
     2500         2     0.0029     0.0000     0.0118     0.0002
     1250         3     0.0038     0.0001     0.0156     0.0003
      625         4     0.0047     0.0001     0.0196     0.0006
      312         5     0.0056     0.0002     0.0240     0.0010
      156         6     0.0061     0.0003     0.0266     0.0015
       78         7     0.0068     0.0006     0.0304     0.0025
       39         8     0.0070     0.0008     0.0319     0.0037
       19         9     0.0071     0.0012     0.0349     0.0058
        9        10     0.0087     0.0022     0.0410     0.0102
        4        11     0.0094     0.0038     0.0470     0.0192
        2        12     0.0145     0.0103     0.0707     0.0500
  ***** Calculate block averages ************
   number of averages            2
   1   -4.480064   3.861631
   2   -4.467751   4.013640
   3   -4.488627   3.725250
   4   -4.525642   3.678510
   5   -4.511301   3.728097
   6   -4.519051   3.650850
   7   -4.514870   3.683345
   8   -4.535850   3.626667
   9   -4.548745   3.555537
  10   -4.539104   3.620987
  11   -4.509994   3.674012
  12   -4.531136   3.651059
  13   -4.506400   3.774299
  14   -4.598319   3.321608
  15   -4.495257   3.740084
  16   -4.523934   3.640037
  17   -4.537810   3.500509
  18   -4.517857   3.745929
  19   -4.542632   3.613494
  20   -4.507518   3.718545
 ###### energy       -4.52009320         0.03475233
 ###### press         3.67620438         0.14179143
    nblok      opbl     avenergy   savenergy  avpress    savpress 
    10000         0     0.0016     0.0000     0.0063     0.0000
     5000         1     0.0021     0.0000     0.0087     0.0001
     2500         2     0.0029     0.0000     0.0118     0.0002
     1250         3     0.0038     0.0001     0.0156     0.0003
      625         4     0.0047     0.0001     0.0196     0.0006
      312         5     0.0056     0.0002     0.0240     0.0010
      156         6     0.0061     0.0003     0.0266     0.0015
       78         7     0.0068     0.0006     0.0304     0.0025
       39         8     0.0070     0.0008     0.0319     0.0037
       19         9     0.0071     0.0012     0.0349     0.0058
        9        10     0.0087     0.0022     0.0410     0.0102
        4        11     0.0094     0.0038     0.0470     0.0192
        2        12     0.0145     0.0103     0.0707     0.0500
  ***** Calculate block averages ************
   number of averages            2
   1   -4.480064   3.861631
   2   -4.467751   4.013640
   3   -4.488627   3.725250
   4   -4.525642   3.678510
   5   -4.511301   3.728097
   6   -4.519051   3.650850
   7   -4.514870   3.683345
   8   -4.535850   3.626667
   9   -4.548745   3.555537
  10   -4.539104   3.620987
  11   -4.509994   3.674012
  12   -4.531136   3.651059
  13   -4.506400   3.774299
  14   -4.598319   3.321608
  15   -4.495257   3.740084
  16   -4.523934   3.640037
  17   -4.537810   3.500509
  18   -4.517857   3.745929
  19   -4.542632   3.613494
  20   -4.507518   3.718545
 ###### energy       -4.52009320         0.03475233
 ###### press         3.67620438         0.14179143
    nblok      opbl     avenergy   savenergy  avpress    savpress 
    10000         0     0.0016     0.0000     0.0063     0.0000
     5000         1     0.0021     0.0000     0.0087     0.0001
     2500         2     0.0029     0.0000     0.0118     0.0002
     1250         3     0.0038     0.0001     0.0156     0.0003
      625         4     0.0047     0.0001     0.0196     0.0006
      312         5     0.0056     0.0002     0.0240     0.0010
      156         6     0.0061     0.0003     0.0266     0.0015
       78         7     0.0068     0.0006     0.0304     0.0025
       39         8     0.0070     0.0008     0.0319     0.0037
       19         9     0.0071     0.0012     0.0349     0.0058
        9        10     0.0087     0.0022     0.0410     0.0102
        4        11     0.0094     0.0038     0.0470     0.0192
        2        12     0.0145     0.0103     0.0707     0.0500
  ***** Calculate block averages ************
   number of averages            2
   1   -4.480064   3.861631
   2   -4.467751   4.013640
   3   -4.488627   3.725250
   4   -4.525642   3.678510
   5   -4.511301   3.728097
   6   -4.519051   3.650850
   7   -4.514870   3.683345
   8   -4.535850   3.626667
   9   -4.548745   3.555537
  10   -4.539104   3.620987
  11   -4.509994   3.674012
  12   -4.531136   3.651059
  13   -4.506400   3.774299
  14   -4.598319   3.321608
  15   -4.495257   3.740084
  16   -4.523934   3.640037
  17   -4.537810   3.500509
  18   -4.517857   3.745929
  19   -4.542632   3.613494
  20   -4.507518   3.718545
 ###### energy       -4.52009320         0.03475233
 ###### press         3.67620438         0.14179143
    nblok      opbl     avenergy   savenergy  avpress    savpress 
    10000         0     0.0016     0.0000     0.0063     0.0000
     5000         1     0.0021     0.0000     0.0087     0.0001
     2500         2     0.0029     0.0000     0.0118     0.0002
     1250         3     0.0038     0.0001     0.0156     0.0003
      625         4     0.0047     0.0001     0.0196     0.0006
      312         5     0.0056     0.0002     0.0240     0.0010
      156         6     0.0061     0.0003     0.0266     0.0015
       78         7     0.0068     0.0006     0.0304     0.0025
       39         8     0.0070     0.0008     0.0319     0.0037
       19         9     0.0071     0.0012     0.0349     0.0058
        9        10     0.0087     0.0022     0.0410     0.0102
        4        11     0.0094     0.0038     0.0470     0.0192
        2        12     0.0145     0.0103     0.0707     0.0500
  ***** Calculate block averages ************
   number of averages            2
   1   -4.480064   3.861631
   2   -4.467751   4.013640
   3   -4.488627   3.725250
   4   -4.525642   3.678510
   5   -4.511301   3.728097
   6   -4.519051   3.650850
   7   -4.514870   3.683345
   8   -4.535850   3.626667
   9   -4.548745   3.555537
  10   -4.539104   3.620987
  11   -4.509994   3.674012
  12   -4.531136   3.651059
  13   -4.506400   3.774299
  14   -4.598319   3.321608
  15   -4.495257   3.740084
  16   -4.523934   3.640037
  17   -4.537810   3.500509
  18   -4.517857   3.745929
  19   -4.542632   3.613494
  20   -4.507518   3.718545
 ###### energy       -4.52009320         0.03475233
 ###### press         3.67620438         0.14179143
    nblok      opbl     avenergy   savenergy  avpress    savpress 
    10000         0     0.0016     0.0000     0.0063     0.0000
     5000         1     0.0021     0.0000     0.0087     0.0001
     2500         2     0.0029     0.0000     0.0118     0.0002
     1250         3     0.0038     0.0001     0.0156     0.0003
      625         4     0.0047     0.0001     0.0196     0.0006
      312         5     0.0056     0.0002     0.0240     0.0010
      156         6     0.0061     0.0003     0.0266     0.0015
       78         7     0.0068     0.0006     0.0304     0.0025
       39         8     0.0070     0.0008     0.0319     0.0037
       19         9     0.0071     0.0012     0.0349     0.0058
        9        10     0.0087     0.0022     0.0410     0.0102
        4        11     0.0094     0.0038     0.0470     0.0192
        2        12     0.0145     0.0103     0.0707     0.0500
  ***** Calculate block averages ************
   number of averages            2
   1   -4.510600   3.743345
   2   -4.545480   3.551284
   3   -4.512413   3.678887
   4   -4.499131   3.776086
   5   -4.514996   3.692948
   6   -4.520370   3.680970
   7   -4.522674   3.673384
   8   -4.515145   3.729651
   9   -4.538510   3.581676
  10   -4.501534   3.750842
  11   -4.513402   3.691852
  12   -4.519215   3.682606
  13   -4.516634   3.691058
  14   -4.525358   3.693323
  15   -4.511416   3.716890
  16   -4.522411   3.683454
  17   -4.492829   3.804564
  18   -4.501856   3.752201
  19   -4.531918   3.634483
  20   -4.519882   3.682337
 ###### energy       -4.51678872         0.03476196
 ###### press         3.69459206         0.14267732
    nblok      opbl     avenergy   savenergy  avpress    savpress 
   100000         0     0.0005     0.0000     0.0020     0.0000
    50000         1     0.0007     0.0000     0.0028     0.0000
    25000         2     0.0009     0.0000     0.0037     0.0000
    12500         3     0.0012     0.0000     0.0050     0.0000
     6250         4     0.0015     0.0000     0.0064     0.0001
     3125         5     0.0018     0.0000     0.0078     0.0001
     1562         6     0.0021     0.0000     0.0093     0.0002
      781         7     0.0023     0.0001     0.0105     0.0003
      390         8     0.0026     0.0001     0.0117     0.0004
      195         9     0.0025     0.0001     0.0116     0.0006
       97        10     0.0028     0.0002     0.0126     0.0009
       48        11     0.0030     0.0003     0.0129     0.0013
       24        12     0.0028     0.0004     0.0123     0.0018
       12        13     0.0021     0.0005     0.0095     0.0020
        6        14     0.0011     0.0004     0.0078     0.0025
        3        15     0.0014     0.0007     0.0107     0.0053
