  ***** Calculate block averages ************
   number of averages            2
   1   -5.078037   9.583558
   2   -5.139425   9.295752
   3   -5.190109   9.092060
   4   -5.073233   9.598899
   5   -5.084427   9.604895
   6   -5.179453   9.154766
   7   -5.259379   8.778229
   8   -5.077293   9.567605
   9   -5.141332   9.268912
  10   -5.133898   9.359712
  11   -5.139623   9.368910
  12   -5.146929   9.299847
  13   -5.170684   9.185063
  14   -5.172261   9.145128
  15   -5.091904   9.479155
  16   -5.109818   9.423792
  17   -5.006980   9.853502
  18   -5.269320   8.734748
  19   -5.157832   9.189624
  20   -5.154553   9.329498
 ###### energy       -5.13882442         0.04358136
 ###### press         9.31568259         0.18183089
    nblok      opbl     avenergy   savenergy  avpress    savpress 
    10000         0     0.0019     0.0000     0.0081     0.0001
     5000         1     0.0027     0.0000     0.0112     0.0001
     2500         2     0.0037     0.0001     0.0154     0.0002
     1250         3     0.0049     0.0001     0.0206     0.0004
      625         4     0.0063     0.0002     0.0268     0.0008
      312         5     0.0080     0.0003     0.0339     0.0014
      156         6     0.0097     0.0006     0.0415     0.0024
       78         7     0.0111     0.0009     0.0480     0.0039
       39         8     0.0127     0.0015     0.0558     0.0064
       19         9     0.0137     0.0023     0.0607     0.0101
        9        10     0.0135     0.0034     0.0611     0.0153
        4        11     0.0093     0.0038     0.0325     0.0133
        2        12     0.0040     0.0028     0.0177     0.0125
  ***** Calculate block averages ************
   number of averages            2
   1   -5.078037   9.583558
   2   -5.139425   9.295752
   3   -5.190109   9.092060
   4   -5.073233   9.598899
   5   -5.084427   9.604895
   6   -5.179453   9.154766
   7   -5.259379   8.778229
   8   -5.077293   9.567605
   9   -5.141332   9.268912
  10   -5.133898   9.359712
  11   -5.139623   9.368910
  12   -5.146929   9.299847
  13   -5.170684   9.185063
  14   -5.172261   9.145128
  15   -5.091904   9.479155
  16   -5.109818   9.423792
  17   -5.006980   9.853502
  18   -5.269320   8.734748
  19   -5.157832   9.189624
  20   -5.154553   9.329498
 ###### energy       -5.13882442         0.04358136
 ###### press         9.31568259         0.18183089
    nblok      opbl     avenergy   savenergy  avpress    savpress 
    10000         0     0.0019     0.0000     0.0081     0.0001
     5000         1     0.0027     0.0000     0.0112     0.0001
     2500         2     0.0037     0.0001     0.0154     0.0002
     1250         3     0.0049     0.0001     0.0206     0.0004
      625         4     0.0063     0.0002     0.0268     0.0008
      312         5     0.0080     0.0003     0.0339     0.0014
      156         6     0.0097     0.0006     0.0415     0.0024
       78         7     0.0111     0.0009     0.0480     0.0039
       39         8     0.0127     0.0015     0.0558     0.0064
       19         9     0.0137     0.0023     0.0607     0.0101
        9        10     0.0135     0.0034     0.0611     0.0153
        4        11     0.0093     0.0038     0.0325     0.0133
        2        12     0.0040     0.0028     0.0177     0.0125
  ***** Calculate block averages ************
   number of averages            2
   1   -5.078037   9.583558
   2   -5.139425   9.295752
   3   -5.190109   9.092060
   4   -5.073233   9.598899
   5   -5.084427   9.604895
   6   -5.179453   9.154766
   7   -5.259379   8.778229
   8   -5.077293   9.567605
   9   -5.141332   9.268912
  10   -5.133898   9.359712
  11   -5.139623   9.368910
  12   -5.146929   9.299847
  13   -5.170684   9.185063
  14   -5.172261   9.145128
  15   -5.091904   9.479155
  16   -5.109818   9.423792
  17   -5.006980   9.853502
  18   -5.269320   8.734748
  19   -5.157832   9.189624
  20   -5.154553   9.329498
 ###### energy       -5.13882442         0.04358136
 ###### press         9.31568259         0.18183089
    nblok      opbl     avenergy   savenergy  avpress    savpress 
    10000         0     0.0019     0.0000     0.0081     0.0001
     5000         1     0.0027     0.0000     0.0112     0.0001
     2500         2     0.0037     0.0001     0.0154     0.0002
     1250         3     0.0049     0.0001     0.0206     0.0004
      625         4     0.0063     0.0002     0.0268     0.0008
      312         5     0.0080     0.0003     0.0339     0.0014
      156         6     0.0097     0.0006     0.0415     0.0024
       78         7     0.0111     0.0009     0.0480     0.0039
       39         8     0.0127     0.0015     0.0558     0.0064
       19         9     0.0137     0.0023     0.0607     0.0101
        9        10     0.0135     0.0034     0.0611     0.0153
        4        11     0.0093     0.0038     0.0325     0.0133
        2        12     0.0040     0.0028     0.0177     0.0125
  ***** Calculate block averages ************
   number of averages            2
   1   -5.127215   9.353075
   2   -5.128327   9.357989
   3   -5.122614   9.395853
   4   -5.115793   9.402540
   5   -5.112807   9.421311
   6   -5.120029   9.401183
   7   -5.108715   9.463456
   8   -5.080216   9.569175
   9   -5.135496   9.334680
  10   -5.142862   9.289268
  11   -5.129547   9.373500
  12   -5.128865   9.338190
  13   -5.115801   9.417580
  14   -5.157803   9.232624
  15   -5.063194   9.649517
  16   -5.140740   9.297395
  17   -5.113550   9.418594
  18   -5.109278   9.437477
  19   -5.106433   9.458850
  20   -5.144729   9.278956
 ###### energy       -5.12020068         0.04478663
 ###### press         9.39456064         0.18677240
    nblok      opbl     avenergy   savenergy  avpress    savpress 
   100000         0     0.0006     0.0000     0.0026     0.0000
    50000         1     0.0009     0.0000     0.0037     0.0000
    25000         2     0.0012     0.0000     0.0050     0.0000
    12500         3     0.0016     0.0000     0.0067     0.0000
     6250         4     0.0021     0.0000     0.0088     0.0001
     3125         5     0.0026     0.0000     0.0112     0.0001
     1562         6     0.0033     0.0001     0.0139     0.0002
      781         7     0.0039     0.0001     0.0168     0.0004
      390         8     0.0045     0.0002     0.0196     0.0007
      195         9     0.0052     0.0003     0.0226     0.0011
       97        10     0.0054     0.0004     0.0233     0.0017
       48        11     0.0059     0.0006     0.0256     0.0026
       24        12     0.0064     0.0009     0.0279     0.0041
       12        13     0.0047     0.0010     0.0211     0.0045
        6        14     0.0014     0.0004     0.0064     0.0020
        3        15     0.0008     0.0004     0.0038     0.0019
