  ***** Calculate block averages ************
   number of averages            2
   1   -4.075104   2.422527
   2   -4.026831   2.805516
   3   -4.075189   2.395381
   4   -4.122481   2.373063
   5   -4.057096   2.528173
   6   -4.110977   2.263601
   7   -4.143858   2.139116
   8   -4.103376   2.397313
   9   -4.090498   2.397303
  10   -4.130944   2.205995
  11   -4.058144   2.566244
  12   -4.101905   2.417010
  13   -4.116655   2.341997
  14   -4.097431   2.340077
  15   -4.095025   2.377854
  16   -4.088418   2.398255
  17   -4.030237   2.623426
  18   -4.062407   2.669293
  19   -4.062528   2.513882
  20   -4.090344   2.456132
 ###### energy       -4.08697245         0.03087577
 ###### press         2.43160791         0.12597939
    nblok      opbl     avenergy   savenergy  avpress    savpress 
    10000         0     0.0014     0.0000     0.0056     0.0000
     5000         1     0.0019     0.0000     0.0077     0.0001
     2500         2     0.0025     0.0000     0.0104     0.0001
     1250         3     0.0032     0.0001     0.0137     0.0003
      625         4     0.0040     0.0001     0.0173     0.0005
      312         5     0.0047     0.0002     0.0211     0.0008
      156         6     0.0055     0.0003     0.0251     0.0014
       78         7     0.0059     0.0005     0.0274     0.0022
       39         8     0.0065     0.0007     0.0315     0.0036
       19         9     0.0074     0.0012     0.0364     0.0061
        9        10     0.0093     0.0023     0.0464     0.0116
        4        11     0.0055     0.0023     0.0299     0.0122
        2        12     0.0061     0.0043     0.0256     0.0181
  ***** Calculate block averages ************
   number of averages            2
   1   -4.075104   2.422527
   2   -4.026831   2.805516
   3   -4.075189   2.395381
   4   -4.122481   2.373063
   5   -4.057096   2.528173
   6   -4.110977   2.263601
   7   -4.143858   2.139116
   8   -4.103376   2.397313
   9   -4.090498   2.397303
  10   -4.130944   2.205995
  11   -4.058144   2.566244
  12   -4.101905   2.417010
  13   -4.116655   2.341997
  14   -4.097431   2.340077
  15   -4.095025   2.377854
  16   -4.088418   2.398255
  17   -4.030237   2.623426
  18   -4.062407   2.669293
  19   -4.062528   2.513882
  20   -4.090344   2.456132
 ###### energy       -4.08697245         0.03087577
 ###### press         2.43160791         0.12597939
    nblok      opbl     avenergy   savenergy  avpress    savpress 
    10000         0     0.0014     0.0000     0.0056     0.0000
     5000         1     0.0019     0.0000     0.0077     0.0001
     2500         2     0.0025     0.0000     0.0104     0.0001
     1250         3     0.0032     0.0001     0.0137     0.0003
      625         4     0.0040     0.0001     0.0173     0.0005
      312         5     0.0047     0.0002     0.0211     0.0008
      156         6     0.0055     0.0003     0.0251     0.0014
       78         7     0.0059     0.0005     0.0274     0.0022
       39         8     0.0065     0.0007     0.0315     0.0036
       19         9     0.0074     0.0012     0.0364     0.0061
        9        10     0.0093     0.0023     0.0464     0.0116
        4        11     0.0055     0.0023     0.0299     0.0122
        2        12     0.0061     0.0043     0.0256     0.0181
  ***** Calculate block averages ************
   number of averages            2
   1   -4.075104   2.422527
   2   -4.026831   2.805516
   3   -4.075189   2.395381
   4   -4.122481   2.373063
   5   -4.057096   2.528173
   6   -4.110977   2.263601
   7   -4.143858   2.139116
   8   -4.103376   2.397313
   9   -4.090498   2.397303
  10   -4.130944   2.205995
  11   -4.058144   2.566244
  12   -4.101905   2.417010
  13   -4.116655   2.341997
  14   -4.097431   2.340077
  15   -4.095025   2.377854
  16   -4.088418   2.398255
  17   -4.030237   2.623426
  18   -4.062407   2.669293
  19   -4.062528   2.513882
  20   -4.090344   2.456132
 ###### energy       -4.08697245         0.03087577
 ###### press         2.43160791         0.12597939
    nblok      opbl     avenergy   savenergy  avpress    savpress 
    10000         0     0.0014     0.0000     0.0056     0.0000
     5000         1     0.0019     0.0000     0.0077     0.0001
     2500         2     0.0025     0.0000     0.0104     0.0001
     1250         3     0.0032     0.0001     0.0137     0.0003
      625         4     0.0040     0.0001     0.0173     0.0005
      312         5     0.0047     0.0002     0.0211     0.0008
      156         6     0.0055     0.0003     0.0251     0.0014
       78         7     0.0059     0.0005     0.0274     0.0022
       39         8     0.0065     0.0007     0.0315     0.0036
       19         9     0.0074     0.0012     0.0364     0.0061
        9        10     0.0093     0.0023     0.0464     0.0116
        4        11     0.0055     0.0023     0.0299     0.0122
        2        12     0.0061     0.0043     0.0256     0.0181
  ***** Calculate block averages ************
   number of averages            2
   1   -4.075104   2.422527
   2   -4.026831   2.805516
   3   -4.075189   2.395381
   4   -4.122481   2.373063
   5   -4.057096   2.528173
   6   -4.110977   2.263601
   7   -4.143858   2.139116
   8   -4.103376   2.397313
   9   -4.090498   2.397303
  10   -4.130944   2.205995
  11   -4.058144   2.566244
  12   -4.101905   2.417010
  13   -4.116655   2.341997
  14   -4.097431   2.340077
  15   -4.095025   2.377854
  16   -4.088418   2.398255
  17   -4.030237   2.623426
  18   -4.062407   2.669293
  19   -4.062528   2.513882
  20   -4.090344   2.456132
 ###### energy       -4.08697245         0.03087577
 ###### press         2.43160791         0.12597939
    nblok      opbl     avenergy   savenergy  avpress    savpress 
    10000         0     0.0014     0.0000     0.0056     0.0000
     5000         1     0.0019     0.0000     0.0077     0.0001
     2500         2     0.0025     0.0000     0.0104     0.0001
     1250         3     0.0032     0.0001     0.0137     0.0003
      625         4     0.0040     0.0001     0.0173     0.0005
      312         5     0.0047     0.0002     0.0211     0.0008
      156         6     0.0055     0.0003     0.0251     0.0014
       78         7     0.0059     0.0005     0.0274     0.0022
       39         8     0.0065     0.0007     0.0315     0.0036
       19         9     0.0074     0.0012     0.0364     0.0061
        9        10     0.0093     0.0023     0.0464     0.0116
        4        11     0.0055     0.0023     0.0299     0.0122
        2        12     0.0061     0.0043     0.0256     0.0181
  ***** Calculate block averages ************
   number of averages            2
   1   -4.075104   2.422527
   2   -4.026831   2.805516
   3   -4.075189   2.395381
   4   -4.122481   2.373063
   5   -4.057096   2.528173
   6   -4.110977   2.263601
   7   -4.143858   2.139116
   8   -4.103376   2.397313
   9   -4.090498   2.397303
  10   -4.130944   2.205995
  11   -4.058144   2.566244
  12   -4.101905   2.417010
  13   -4.116655   2.341997
  14   -4.097431   2.340077
  15   -4.095025   2.377854
  16   -4.088418   2.398255
  17   -4.030237   2.623426
  18   -4.062407   2.669293
  19   -4.062528   2.513882
  20   -4.090344   2.456132
 ###### energy       -4.08697245         0.03087577
 ###### press         2.43160791         0.12597939
    nblok      opbl     avenergy   savenergy  avpress    savpress 
    10000         0     0.0014     0.0000     0.0056     0.0000
     5000         1     0.0019     0.0000     0.0077     0.0001
     2500         2     0.0025     0.0000     0.0104     0.0001
     1250         3     0.0032     0.0001     0.0137     0.0003
      625         4     0.0040     0.0001     0.0173     0.0005
      312         5     0.0047     0.0002     0.0211     0.0008
      156         6     0.0055     0.0003     0.0251     0.0014
       78         7     0.0059     0.0005     0.0274     0.0022
       39         8     0.0065     0.0007     0.0315     0.0036
       19         9     0.0074     0.0012     0.0364     0.0061
        9        10     0.0093     0.0023     0.0464     0.0116
        4        11     0.0055     0.0023     0.0299     0.0122
        2        12     0.0061     0.0043     0.0256     0.0181
  ***** Calculate block averages ************
   number of averages            2
   1   -4.066101   2.507126
   2   -4.084839   2.416576
   3   -4.080283   2.458617
   4   -4.094601   2.380620
   5   -4.085158   2.443682
   6   -4.091475   2.422703
   7   -4.088442   2.468102
   8   -4.083819   2.445412
   9   -4.084673   2.417718
  10   -4.084420   2.468851
  11   -4.087168   2.437494
  12   -4.073119   2.510287
  13   -4.078158   2.441927
  14   -4.072760   2.486959
  15   -4.073411   2.496666
  16   -4.072660   2.517804
  17   -4.074111   2.472670
  18   -4.087950   2.414666
  19   -4.079099   2.480944
  20   -4.090965   2.424051
 ###### energy       -4.08166062         0.03082998
 ###### press         2.45564364         0.12330642
    nblok      opbl     avenergy   savenergy  avpress    savpress 
   100000         0     0.0004     0.0000     0.0017     0.0000
    50000         1     0.0006     0.0000     0.0024     0.0000
    25000         2     0.0008     0.0000     0.0032     0.0000
    12500         3     0.0010     0.0000     0.0042     0.0000
     6250         4     0.0013     0.0000     0.0053     0.0000
     3125         5     0.0015     0.0000     0.0064     0.0001
     1562         6     0.0017     0.0000     0.0073     0.0001
      781         7     0.0018     0.0000     0.0081     0.0002
      390         8     0.0019     0.0001     0.0086     0.0003
      195         9     0.0019     0.0001     0.0086     0.0004
       97        10     0.0020     0.0001     0.0092     0.0007
       48        11     0.0016     0.0002     0.0078     0.0008
       24        12     0.0017     0.0002     0.0076     0.0011
       12        13     0.0017     0.0004     0.0071     0.0015
        6        14     0.0023     0.0007     0.0094     0.0030
        3        15     0.0017     0.0008     0.0091     0.0045
