  ***** Calculate block averages ************
   number of averages            2
   1   -4.867619   5.962898
   2   -4.909290   5.708996
   3   -4.915427   5.721718
   4   -4.863028   5.980048
   5   -4.892332   5.802314
   6   -4.928772   5.672742
   7   -5.004812   5.333150
   8   -4.894484   5.774311
   9   -4.923726   5.724078
  10   -4.912036   5.668727
  11   -4.879895   5.909034
  12   -4.915073   5.748038
  13   -4.931047   5.614167
  14   -4.990173   5.339992
  15   -4.949000   5.598349
  16   -4.942540   5.626560
  17   -4.851075   6.032339
  18   -4.831685   6.018358
  19   -4.874123   5.865731
  20   -4.895755   5.791706
 ###### energy       -4.90859460         0.03902707
 ###### press         5.74466279         0.16003821
    nblok      opbl     avenergy   savenergy  avpress    savpress 
    10000         0     0.0017     0.0000     0.0072     0.0001
     5000         1     0.0024     0.0000     0.0098     0.0001
     2500         2     0.0032     0.0000     0.0134     0.0002
     1250         3     0.0043     0.0001     0.0178     0.0004
      625         4     0.0055     0.0002     0.0230     0.0007
      312         5     0.0067     0.0003     0.0282     0.0011
      156         6     0.0080     0.0005     0.0340     0.0019
       78         7     0.0094     0.0008     0.0401     0.0032
       39         8     0.0100     0.0011     0.0424     0.0049
       19         9     0.0115     0.0019     0.0492     0.0082
        9        10     0.0131     0.0033     0.0590     0.0148
        4        11     0.0144     0.0059     0.0639     0.0261
        2        12     0.0141     0.0100     0.0592     0.0418
  ***** Calculate block averages ************
   number of averages            2
   1   -4.867619   5.962898
   2   -4.909290   5.708996
   3   -4.915427   5.721718
   4   -4.863028   5.980048
   5   -4.892332   5.802314
   6   -4.928772   5.672742
   7   -5.004812   5.333150
   8   -4.894484   5.774311
   9   -4.923726   5.724078
  10   -4.912036   5.668727
  11   -4.879895   5.909034
  12   -4.915073   5.748038
  13   -4.931047   5.614167
  14   -4.990173   5.339992
  15   -4.949000   5.598349
  16   -4.942540   5.626560
  17   -4.851075   6.032339
  18   -4.831685   6.018358
  19   -4.874123   5.865731
  20   -4.895755   5.791706
 ###### energy       -4.90859460         0.03902707
 ###### press         5.74466279         0.16003821
    nblok      opbl     avenergy   savenergy  avpress    savpress 
    10000         0     0.0017     0.0000     0.0072     0.0001
     5000         1     0.0024     0.0000     0.0098     0.0001
     2500         2     0.0032     0.0000     0.0134     0.0002
     1250         3     0.0043     0.0001     0.0178     0.0004
      625         4     0.0055     0.0002     0.0230     0.0007
      312         5     0.0067     0.0003     0.0282     0.0011
      156         6     0.0080     0.0005     0.0340     0.0019
       78         7     0.0094     0.0008     0.0401     0.0032
       39         8     0.0100     0.0011     0.0424     0.0049
       19         9     0.0115     0.0019     0.0492     0.0082
        9        10     0.0131     0.0033     0.0590     0.0148
        4        11     0.0144     0.0059     0.0639     0.0261
        2        12     0.0141     0.0100     0.0592     0.0418
  ***** Calculate block averages ************
   number of averages            2
   1   -4.867619   5.962898
   2   -4.909290   5.708996
   3   -4.915427   5.721718
   4   -4.863028   5.980048
   5   -4.892332   5.802314
   6   -4.928772   5.672742
   7   -5.004812   5.333150
   8   -4.894484   5.774311
   9   -4.923726   5.724078
  10   -4.912036   5.668727
  11   -4.879895   5.909034
  12   -4.915073   5.748038
  13   -4.931047   5.614167
  14   -4.990173   5.339992
  15   -4.949000   5.598349
  16   -4.942540   5.626560
  17   -4.851075   6.032339
  18   -4.831685   6.018358
  19   -4.874123   5.865731
  20   -4.895755   5.791706
 ###### energy       -4.90859460         0.03902707
 ###### press         5.74466279         0.16003821
    nblok      opbl     avenergy   savenergy  avpress    savpress 
    10000         0     0.0017     0.0000     0.0072     0.0001
     5000         1     0.0024     0.0000     0.0098     0.0001
     2500         2     0.0032     0.0000     0.0134     0.0002
     1250         3     0.0043     0.0001     0.0178     0.0004
      625         4     0.0055     0.0002     0.0230     0.0007
      312         5     0.0067     0.0003     0.0282     0.0011
      156         6     0.0080     0.0005     0.0340     0.0019
       78         7     0.0094     0.0008     0.0401     0.0032
       39         8     0.0100     0.0011     0.0424     0.0049
       19         9     0.0115     0.0019     0.0492     0.0082
        9        10     0.0131     0.0033     0.0590     0.0148
        4        11     0.0144     0.0059     0.0639     0.0261
        2        12     0.0141     0.0100     0.0592     0.0418
  ***** Calculate block averages ************
   number of averages            2
   1   -4.888280   5.823518
   2   -4.936322   5.643062
   3   -4.895744   5.807832
   4   -4.918013   5.692709
   5   -4.861425   5.939388
   6   -4.918102   5.712087
   7   -4.902457   5.765580
   8   -4.911738   5.747439
   9   -4.901318   5.793234
  10   -4.898145   5.787345
  11   -4.905134   5.759685
  12   -4.896679   5.796063
  13   -4.903020   5.769377
  14   -4.918766   5.708559
  15   -4.831079   6.077520
  16   -4.930616   5.649525
  17   -4.887469   5.826492
  18   -4.886953   5.835227
  19   -4.915330   5.727104
  20   -4.911236   5.737417
 ###### energy       -4.90089110         0.04013631
 ###### press         5.77995811         0.16505422
    nblok      opbl     avenergy   savenergy  avpress    savpress 
   100000         0     0.0006     0.0000     0.0023     0.0000
    50000         1     0.0008     0.0000     0.0032     0.0000
    25000         2     0.0011     0.0000     0.0044     0.0000
    12500         3     0.0014     0.0000     0.0059     0.0000
     6250         4     0.0018     0.0000     0.0076     0.0001
     3125         5     0.0023     0.0000     0.0096     0.0001
     1562         6     0.0027     0.0000     0.0116     0.0002
      781         7     0.0031     0.0001     0.0134     0.0003
      390         8     0.0035     0.0001     0.0150     0.0005
      195         9     0.0037     0.0002     0.0162     0.0008
       97        10     0.0041     0.0003     0.0175     0.0013
       48        11     0.0040     0.0004     0.0173     0.0018
       24        12     0.0042     0.0006     0.0175     0.0026
       12        13     0.0034     0.0007     0.0141     0.0030
        6        14     0.0021     0.0007     0.0090     0.0029
        3        15     0.0012     0.0006     0.0050     0.0025
