  ***** Calculate block averages ************
   number of averages            2
   1   -3.846723   2.132991
   2   -3.813656   2.310203
   3   -3.829372   2.113904
   4   -3.835338   2.069008
   5   -3.873376   1.904076
   6   -3.851240   2.153584
   7   -3.868671   2.132164
   8   -3.863811   2.017371
   9   -3.861969   2.048771
  10   -3.862907   1.996172
  11   -3.826364   2.187005
  12   -3.853017   2.078477
  13   -3.891738   1.861408
  14   -3.888283   2.168756
  15   -3.843219   2.120206
  16   -3.853537   2.003081
  17   -3.829066   2.180732
  18   -3.884576   2.079610
  19   -3.857501   2.015832
  20   -3.876074   1.982001
 ###### energy       -3.85552190         0.02859236
 ###### press         2.07776755         0.11270032
    nblok      opbl     avenergy   savenergy  avpress    savpress 
    10000         0     0.0013     0.0000     0.0050     0.0000
     5000         1     0.0017     0.0000     0.0069     0.0001
     2500         2     0.0023     0.0000     0.0092     0.0001
     1250         3     0.0030     0.0001     0.0120     0.0002
      625         4     0.0036     0.0001     0.0150     0.0004
      312         5     0.0042     0.0002     0.0175     0.0007
      156         6     0.0043     0.0002     0.0190     0.0011
       78         7     0.0045     0.0004     0.0212     0.0017
       39         8     0.0045     0.0005     0.0210     0.0024
       19         9     0.0051     0.0008     0.0194     0.0032
        9        10     0.0058     0.0014     0.0187     0.0047
        4        11     0.0071     0.0029     0.0220     0.0090
        2        12     0.0061     0.0043     0.0213     0.0151
  ***** Calculate block averages ************
   number of averages            2
   1   -3.846723   2.132991
   2   -3.813656   2.310203
   3   -3.829372   2.113904
   4   -3.835338   2.069008
   5   -3.873376   1.904076
   6   -3.851240   2.153584
   7   -3.868671   2.132164
   8   -3.863811   2.017371
   9   -3.861969   2.048771
  10   -3.862907   1.996172
  11   -3.826364   2.187005
  12   -3.853017   2.078477
  13   -3.891738   1.861408
  14   -3.888283   2.168756
  15   -3.843219   2.120206
  16   -3.853537   2.003081
  17   -3.829066   2.180732
  18   -3.884576   2.079610
  19   -3.857501   2.015832
  20   -3.876074   1.982001
 ###### energy       -3.85552190         0.02859236
 ###### press         2.07776755         0.11270032
    nblok      opbl     avenergy   savenergy  avpress    savpress 
    10000         0     0.0013     0.0000     0.0050     0.0000
     5000         1     0.0017     0.0000     0.0069     0.0001
     2500         2     0.0023     0.0000     0.0092     0.0001
     1250         3     0.0030     0.0001     0.0120     0.0002
      625         4     0.0036     0.0001     0.0150     0.0004
      312         5     0.0042     0.0002     0.0175     0.0007
      156         6     0.0043     0.0002     0.0190     0.0011
       78         7     0.0045     0.0004     0.0212     0.0017
       39         8     0.0045     0.0005     0.0210     0.0024
       19         9     0.0051     0.0008     0.0194     0.0032
        9        10     0.0058     0.0014     0.0187     0.0047
        4        11     0.0071     0.0029     0.0220     0.0090
        2        12     0.0061     0.0043     0.0213     0.0151
  ***** Calculate block averages ************
   number of averages            2
   1   -3.846723   2.132991
   2   -3.813656   2.310203
   3   -3.829372   2.113904
   4   -3.835338   2.069008
   5   -3.873376   1.904076
   6   -3.851240   2.153584
   7   -3.868671   2.132164
   8   -3.863811   2.017371
   9   -3.861969   2.048771
  10   -3.862907   1.996172
  11   -3.826364   2.187005
  12   -3.853017   2.078477
  13   -3.891738   1.861408
  14   -3.888283   2.168756
  15   -3.843219   2.120206
  16   -3.853537   2.003081
  17   -3.829066   2.180732
  18   -3.884576   2.079610
  19   -3.857501   2.015832
  20   -3.876074   1.982001
 ###### energy       -3.85552190         0.02859236
 ###### press         2.07776755         0.11270032
    nblok      opbl     avenergy   savenergy  avpress    savpress 
    10000         0     0.0013     0.0000     0.0050     0.0000
     5000         1     0.0017     0.0000     0.0069     0.0001
     2500         2     0.0023     0.0000     0.0092     0.0001
     1250         3     0.0030     0.0001     0.0120     0.0002
      625         4     0.0036     0.0001     0.0150     0.0004
      312         5     0.0042     0.0002     0.0175     0.0007
      156         6     0.0043     0.0002     0.0190     0.0011
       78         7     0.0045     0.0004     0.0212     0.0017
       39         8     0.0045     0.0005     0.0210     0.0024
       19         9     0.0051     0.0008     0.0194     0.0032
        9        10     0.0058     0.0014     0.0187     0.0047
        4        11     0.0071     0.0029     0.0220     0.0090
        2        12     0.0061     0.0043     0.0213     0.0151
  ***** Calculate block averages ************
   number of averages            2
   1   -3.846723   2.132991
   2   -3.813656   2.310203
   3   -3.829372   2.113904
   4   -3.835338   2.069008
   5   -3.873376   1.904076
   6   -3.851240   2.153584
   7   -3.868671   2.132164
   8   -3.863811   2.017371
   9   -3.861969   2.048771
  10   -3.862907   1.996172
  11   -3.826364   2.187005
  12   -3.853017   2.078477
  13   -3.891738   1.861408
  14   -3.888283   2.168756
  15   -3.843219   2.120206
  16   -3.853537   2.003081
  17   -3.829066   2.180732
  18   -3.884576   2.079610
  19   -3.857501   2.015832
  20   -3.876074   1.982001
 ###### energy       -3.85552190         0.02859236
 ###### press         2.07776755         0.11270032
    nblok      opbl     avenergy   savenergy  avpress    savpress 
    10000         0     0.0013     0.0000     0.0050     0.0000
     5000         1     0.0017     0.0000     0.0069     0.0001
     2500         2     0.0023     0.0000     0.0092     0.0001
     1250         3     0.0030     0.0001     0.0120     0.0002
      625         4     0.0036     0.0001     0.0150     0.0004
      312         5     0.0042     0.0002     0.0175     0.0007
      156         6     0.0043     0.0002     0.0190     0.0011
       78         7     0.0045     0.0004     0.0212     0.0017
       39         8     0.0045     0.0005     0.0210     0.0024
       19         9     0.0051     0.0008     0.0194     0.0032
        9        10     0.0058     0.0014     0.0187     0.0047
        4        11     0.0071     0.0029     0.0220     0.0090
        2        12     0.0061     0.0043     0.0213     0.0151
  ***** Calculate block averages ************
   number of averages            2
   1   -3.855167   2.112117
   2   -3.865181   1.991825
   3   -3.863741   2.059812
   4   -3.859225   2.046959
   5   -3.874067   2.025633
   6   -3.854946   2.070947
   7   -3.841986   2.164695
   8   -3.858677   2.077573
   9   -3.869553   2.006252
  10   -3.847607   2.086429
  11   -3.872476   1.995577
  12   -3.852101   2.105728
  13   -3.856926   2.046859
  14   -3.871153   2.020269
  15   -3.853426   2.099755
  16   -3.851178   2.107128
  17   -3.850693   2.101612
  18   -3.851090   2.082370
  19   -3.855017   2.084015
  20   -3.874700   1.995460
 ###### energy       -3.85894555         0.02912180
 ###### press         2.06405081         0.11545008
    nblok      opbl     avenergy   savenergy  avpress    savpress 
   100000         0     0.0004     0.0000     0.0016     0.0000
    50000         1     0.0006     0.0000     0.0022     0.0000
    25000         2     0.0007     0.0000     0.0030     0.0000
    12500         3     0.0009     0.0000     0.0039     0.0000
     6250         4     0.0012     0.0000     0.0049     0.0000
     3125         5     0.0013     0.0000     0.0058     0.0001
     1562         6     0.0015     0.0000     0.0066     0.0001
      781         7     0.0016     0.0000     0.0072     0.0002
      390         8     0.0017     0.0001     0.0078     0.0003
      195         9     0.0018     0.0001     0.0083     0.0004
       97        10     0.0020     0.0001     0.0090     0.0006
       48        11     0.0021     0.0002     0.0090     0.0009
       24        12     0.0022     0.0003     0.0101     0.0015
       12        13     0.0016     0.0003     0.0071     0.0015
        6        14     0.0011     0.0003     0.0041     0.0013
        3        15     0.0009     0.0004     0.0030     0.0015
