  ***** Calculate block averages ************
   number of averages            2
   1   -4.304269   2.994808
   2   -4.289887   3.050381
   3   -4.296291   3.019535
   4   -4.310015   2.958609
   5   -4.292935   3.039320
   6   -4.279971   3.055807
   7   -4.272857   3.068842
   8   -4.319094   2.947010
   9   -4.270513   3.154068
  10   -4.263054   3.172160
  11   -4.325647   2.960869
  12   -4.347400   2.776949
  13   -4.344018   2.789185
  14   -4.264568   3.100732
  15   -4.248463   3.221595
  16   -4.346089   2.796202
  17   -4.288483   3.036860
  18   -4.330567   2.831832
  19   -4.275886   2.995353
  20   -4.308563   3.021448
 ###### energy       -4.29892855         0.03212768
 ###### press         2.99957817         0.13175595
    nblok      opbl     avenergy   savenergy  avpress    savpress 
    10000         0     0.0014     0.0000     0.0059     0.0000
     5000         1     0.0020     0.0000     0.0081     0.0001
     2500         2     0.0026     0.0000     0.0109     0.0002
     1250         3     0.0034     0.0001     0.0143     0.0003
      625         4     0.0042     0.0001     0.0182     0.0005
      312         5     0.0051     0.0002     0.0223     0.0009
      156         6     0.0060     0.0003     0.0264     0.0015
       78         7     0.0064     0.0005     0.0292     0.0024
       39         8     0.0071     0.0008     0.0331     0.0038
       19         9     0.0080     0.0013     0.0338     0.0056
        9        10     0.0077     0.0019     0.0360     0.0090
        4        11     0.0019     0.0008     0.0070     0.0028
        2        12     0.0028     0.0020     0.0100     0.0071
  ***** Calculate block averages ************
   number of averages            2
   1   -4.304269   2.994808
   2   -4.289887   3.050381
   3   -4.296291   3.019535
   4   -4.310015   2.958609
   5   -4.292935   3.039320
   6   -4.279971   3.055807
   7   -4.272857   3.068842
   8   -4.319094   2.947010
   9   -4.270513   3.154068
  10   -4.263054   3.172160
  11   -4.325647   2.960869
  12   -4.347400   2.776949
  13   -4.344018   2.789185
  14   -4.264568   3.100732
  15   -4.248463   3.221595
  16   -4.346089   2.796202
  17   -4.288483   3.036860
  18   -4.330567   2.831832
  19   -4.275886   2.995353
  20   -4.308563   3.021448
 ###### energy       -4.29892855         0.03212768
 ###### press         2.99957817         0.13175595
    nblok      opbl     avenergy   savenergy  avpress    savpress 
    10000         0     0.0014     0.0000     0.0059     0.0000
     5000         1     0.0020     0.0000     0.0081     0.0001
     2500         2     0.0026     0.0000     0.0109     0.0002
     1250         3     0.0034     0.0001     0.0143     0.0003
      625         4     0.0042     0.0001     0.0182     0.0005
      312         5     0.0051     0.0002     0.0223     0.0009
      156         6     0.0060     0.0003     0.0264     0.0015
       78         7     0.0064     0.0005     0.0292     0.0024
       39         8     0.0071     0.0008     0.0331     0.0038
       19         9     0.0080     0.0013     0.0338     0.0056
        9        10     0.0077     0.0019     0.0360     0.0090
        4        11     0.0019     0.0008     0.0070     0.0028
        2        12     0.0028     0.0020     0.0100     0.0071
  ***** Calculate block averages ************
   number of averages            2
   1   -4.304269   2.994808
   2   -4.289887   3.050381
   3   -4.296291   3.019535
   4   -4.310015   2.958609
   5   -4.292935   3.039320
   6   -4.279971   3.055807
   7   -4.272857   3.068842
   8   -4.319094   2.947010
   9   -4.270513   3.154068
  10   -4.263054   3.172160
  11   -4.325647   2.960869
  12   -4.347400   2.776949
  13   -4.344018   2.789185
  14   -4.264568   3.100732
  15   -4.248463   3.221595
  16   -4.346089   2.796202
  17   -4.288483   3.036860
  18   -4.330567   2.831832
  19   -4.275886   2.995353
  20   -4.308563   3.021448
 ###### energy       -4.29892855         0.03212768
 ###### press         2.99957817         0.13175595
    nblok      opbl     avenergy   savenergy  avpress    savpress 
    10000         0     0.0014     0.0000     0.0059     0.0000
     5000         1     0.0020     0.0000     0.0081     0.0001
     2500         2     0.0026     0.0000     0.0109     0.0002
     1250         3     0.0034     0.0001     0.0143     0.0003
      625         4     0.0042     0.0001     0.0182     0.0005
      312         5     0.0051     0.0002     0.0223     0.0009
      156         6     0.0060     0.0003     0.0264     0.0015
       78         7     0.0064     0.0005     0.0292     0.0024
       39         8     0.0071     0.0008     0.0331     0.0038
       19         9     0.0080     0.0013     0.0338     0.0056
        9        10     0.0077     0.0019     0.0360     0.0090
        4        11     0.0019     0.0008     0.0070     0.0028
        2        12     0.0028     0.0020     0.0100     0.0071
  ***** Calculate block averages ************
   number of averages            2
   1   -4.304269   2.994808
   2   -4.289887   3.050381
   3   -4.296291   3.019535
   4   -4.310015   2.958609
   5   -4.292935   3.039320
   6   -4.279971   3.055807
   7   -4.272857   3.068842
   8   -4.319094   2.947010
   9   -4.270513   3.154068
  10   -4.263054   3.172160
  11   -4.325647   2.960869
  12   -4.347400   2.776949
  13   -4.344018   2.789185
  14   -4.264568   3.100732
  15   -4.248463   3.221595
  16   -4.346089   2.796202
  17   -4.288483   3.036860
  18   -4.330567   2.831832
  19   -4.275886   2.995353
  20   -4.308563   3.021448
 ###### energy       -4.29892855         0.03212768
 ###### press         2.99957817         0.13175595
    nblok      opbl     avenergy   savenergy  avpress    savpress 
    10000         0     0.0014     0.0000     0.0059     0.0000
     5000         1     0.0020     0.0000     0.0081     0.0001
     2500         2     0.0026     0.0000     0.0109     0.0002
     1250         3     0.0034     0.0001     0.0143     0.0003
      625         4     0.0042     0.0001     0.0182     0.0005
      312         5     0.0051     0.0002     0.0223     0.0009
      156         6     0.0060     0.0003     0.0264     0.0015
       78         7     0.0064     0.0005     0.0292     0.0024
       39         8     0.0071     0.0008     0.0331     0.0038
       19         9     0.0080     0.0013     0.0338     0.0056
        9        10     0.0077     0.0019     0.0360     0.0090
        4        11     0.0019     0.0008     0.0070     0.0028
        2        12     0.0028     0.0020     0.0100     0.0071
  ***** Calculate block averages ************
   number of averages            2
   1   -4.304269   2.994808
   2   -4.289887   3.050381
   3   -4.296291   3.019535
   4   -4.310015   2.958609
   5   -4.292935   3.039320
   6   -4.279971   3.055807
   7   -4.272857   3.068842
   8   -4.319094   2.947010
   9   -4.270513   3.154068
  10   -4.263054   3.172160
  11   -4.325647   2.960869
  12   -4.347400   2.776949
  13   -4.344018   2.789185
  14   -4.264568   3.100732
  15   -4.248463   3.221595
  16   -4.346089   2.796202
  17   -4.288483   3.036860
  18   -4.330567   2.831832
  19   -4.275886   2.995353
  20   -4.308563   3.021448
 ###### energy       -4.29892855         0.03212768
 ###### press         2.99957817         0.13175595
    nblok      opbl     avenergy   savenergy  avpress    savpress 
    10000         0     0.0014     0.0000     0.0059     0.0000
     5000         1     0.0020     0.0000     0.0081     0.0001
     2500         2     0.0026     0.0000     0.0109     0.0002
     1250         3     0.0034     0.0001     0.0143     0.0003
      625         4     0.0042     0.0001     0.0182     0.0005
      312         5     0.0051     0.0002     0.0223     0.0009
      156         6     0.0060     0.0003     0.0264     0.0015
       78         7     0.0064     0.0005     0.0292     0.0024
       39         8     0.0071     0.0008     0.0331     0.0038
       19         9     0.0080     0.0013     0.0338     0.0056
        9        10     0.0077     0.0019     0.0360     0.0090
        4        11     0.0019     0.0008     0.0070     0.0028
        2        12     0.0028     0.0020     0.0100     0.0071
  ***** Calculate block averages ************
   number of averages            2
   1   -4.311533   2.965844
   2   -4.316001   2.916209
   3   -4.290337   3.058005
   4   -4.309235   2.959465
   5   -4.320603   2.906346
   6   -4.301006   3.002546
   7   -4.289425   3.055646
   8   -4.303463   2.980154
   9   -4.309194   2.955676
  10   -4.312182   2.979163
  11   -4.313632   2.951771
  12   -4.291305   3.053262
  13   -4.291560   3.016317
  14   -4.296618   2.993346
  15   -4.307465   2.954174
  16   -4.316233   2.938973
  17   -4.309419   2.955823
  18   -4.305304   2.983176
  19   -4.301840   3.014625
  20   -4.309061   2.944923
 ###### energy       -4.30527078         0.03238109
 ###### press         2.97927225         0.13103344
    nblok      opbl     avenergy   savenergy  avpress    savpress 
   100000         0     0.0005     0.0000     0.0019     0.0000
    50000         1     0.0006     0.0000     0.0025     0.0000
    25000         2     0.0008     0.0000     0.0034     0.0000
    12500         3     0.0011     0.0000     0.0045     0.0000
     6250         4     0.0013     0.0000     0.0057     0.0001
     3125         5     0.0016     0.0000     0.0069     0.0001
     1562         6     0.0018     0.0000     0.0081     0.0001
      781         7     0.0020     0.0001     0.0090     0.0002
      390         8     0.0021     0.0001     0.0095     0.0003
      195         9     0.0022     0.0001     0.0099     0.0005
       97        10     0.0022     0.0002     0.0100     0.0007
       48        11     0.0022     0.0002     0.0099     0.0010
       24        12     0.0022     0.0003     0.0094     0.0014
       12        13     0.0023     0.0005     0.0093     0.0020
        6        14     0.0017     0.0005     0.0080     0.0025
        3        15     0.0023     0.0011     0.0108     0.0054
