  ***** Calculate block averages ************
   number of averages            2
   1   -3.221435   1.361659
   2   -3.224765   1.323262
   3   -3.247144   1.318935
   4   -3.223609   1.372293
   5   -3.230287   1.342277
   6   -3.220162   1.343932
   7   -3.232545   1.339456
   8   -3.228627   1.283641
   9   -3.218191   1.290569
  10   -3.222650   1.337954
  11   -3.230474   1.304024
  12   -3.224153   1.327569
  13   -3.225502   1.328697
  14   -3.226805   1.316089
  15   -3.217412   1.355457
  16   -3.222677   1.350225
  17   -3.227831   1.302450
  18   -3.231133   1.301136
  19   -3.225642   1.303220
  20   -3.241701   1.287560
 ###### energy       -3.22713718         0.02536800
 ###### press         1.32452016         0.09291169
    nblok      opbl     avenergy   savenergy  avpress    savpress 
   100000         0     0.0004     0.0000     0.0013     0.0000
    50000         1     0.0005     0.0000     0.0018     0.0000
    25000         2     0.0006     0.0000     0.0024     0.0000
    12500         3     0.0008     0.0000     0.0030     0.0000
     6250         4     0.0010     0.0000     0.0037     0.0000
     3125         5     0.0011     0.0000     0.0043     0.0001
     1562         6     0.0012     0.0000     0.0046     0.0001
      781         7     0.0013     0.0000     0.0049     0.0001
      390         8     0.0014     0.0000     0.0052     0.0002
      195         9     0.0014     0.0001     0.0054     0.0003
       97        10     0.0014     0.0001     0.0053     0.0004
       48        11     0.0016     0.0002     0.0056     0.0006
       24        12     0.0014     0.0002     0.0053     0.0008
       12        13     0.0015     0.0003     0.0054     0.0011
        6        14     0.0016     0.0005     0.0061     0.0019
        3        15     0.0012     0.0006     0.0072     0.0036
