  ***** Calculate block averages ************
   number of averages            2
   1   -4.725553   4.602608
   2   -4.675119   4.824990
   3   -4.666042   4.835774
   4   -4.717110   4.621049
   5   -4.748020   4.546714
   6   -4.765134   4.363429
   7   -4.699734   4.675520
   8   -4.692578   4.730024
   9   -4.718114   4.579819
  10   -4.759559   4.458825
  11   -4.759599   4.471720
  12   -4.678652   4.819981
  13   -4.779203   4.329144
  14   -4.621063   4.979106
  15   -4.718641   4.658169
  16   -4.655178   4.853464
  17   -4.665098   4.841525
  18   -4.736505   4.551276
  19   -4.733006   4.616373
  20   -4.711027   4.641423
 ###### energy       -4.71124685         0.03719689
 ###### press         4.65004658         0.15467631
    nblok      opbl     avenergy   savenergy  avpress    savpress 
    10000         0     0.0017     0.0000     0.0069     0.0000
     5000         1     0.0023     0.0000     0.0095     0.0001
     2500         2     0.0031     0.0000     0.0129     0.0002
     1250         3     0.0041     0.0001     0.0172     0.0003
      625         4     0.0052     0.0001     0.0222     0.0006
      312         5     0.0063     0.0003     0.0276     0.0011
      156         6     0.0075     0.0004     0.0333     0.0019
       78         7     0.0085     0.0007     0.0386     0.0031
       39         8     0.0096     0.0011     0.0433     0.0050
       19         9     0.0095     0.0016     0.0420     0.0070
        9        10     0.0092     0.0023     0.0373     0.0093
        4        11     0.0127     0.0052     0.0524     0.0214
        2        12     0.0007     0.0005     0.0027     0.0019
  ***** Calculate block averages ************
   number of averages            2
   1   -4.725553   4.602608
   2   -4.675119   4.824990
   3   -4.666042   4.835774
   4   -4.717110   4.621049
   5   -4.748020   4.546714
   6   -4.765134   4.363429
   7   -4.699734   4.675520
   8   -4.692578   4.730024
   9   -4.718114   4.579819
  10   -4.759559   4.458825
  11   -4.759599   4.471720
  12   -4.678652   4.819981
  13   -4.779203   4.329144
  14   -4.621063   4.979106
  15   -4.718641   4.658169
  16   -4.655178   4.853464
  17   -4.665098   4.841525
  18   -4.736505   4.551276
  19   -4.733006   4.616373
  20   -4.711027   4.641423
 ###### energy       -4.71124685         0.03719689
 ###### press         4.65004658         0.15467631
    nblok      opbl     avenergy   savenergy  avpress    savpress 
    10000         0     0.0017     0.0000     0.0069     0.0000
     5000         1     0.0023     0.0000     0.0095     0.0001
     2500         2     0.0031     0.0000     0.0129     0.0002
     1250         3     0.0041     0.0001     0.0172     0.0003
      625         4     0.0052     0.0001     0.0222     0.0006
      312         5     0.0063     0.0003     0.0276     0.0011
      156         6     0.0075     0.0004     0.0333     0.0019
       78         7     0.0085     0.0007     0.0386     0.0031
       39         8     0.0096     0.0011     0.0433     0.0050
       19         9     0.0095     0.0016     0.0420     0.0070
        9        10     0.0092     0.0023     0.0373     0.0093
        4        11     0.0127     0.0052     0.0524     0.0214
        2        12     0.0007     0.0005     0.0027     0.0019
  ***** Calculate block averages ************
   number of averages            2
   1   -4.725553   4.602608
   2   -4.675119   4.824990
   3   -4.666042   4.835774
   4   -4.717110   4.621049
   5   -4.748020   4.546714
   6   -4.765134   4.363429
   7   -4.699734   4.675520
   8   -4.692578   4.730024
   9   -4.718114   4.579819
  10   -4.759559   4.458825
  11   -4.759599   4.471720
  12   -4.678652   4.819981
  13   -4.779203   4.329144
  14   -4.621063   4.979106
  15   -4.718641   4.658169
  16   -4.655178   4.853464
  17   -4.665098   4.841525
  18   -4.736505   4.551276
  19   -4.733006   4.616373
  20   -4.711027   4.641423
 ###### energy       -4.71124685         0.03719689
 ###### press         4.65004658         0.15467631
    nblok      opbl     avenergy   savenergy  avpress    savpress 
    10000         0     0.0017     0.0000     0.0069     0.0000
     5000         1     0.0023     0.0000     0.0095     0.0001
     2500         2     0.0031     0.0000     0.0129     0.0002
     1250         3     0.0041     0.0001     0.0172     0.0003
      625         4     0.0052     0.0001     0.0222     0.0006
      312         5     0.0063     0.0003     0.0276     0.0011
      156         6     0.0075     0.0004     0.0333     0.0019
       78         7     0.0085     0.0007     0.0386     0.0031
       39         8     0.0096     0.0011     0.0433     0.0050
       19         9     0.0095     0.0016     0.0420     0.0070
        9        10     0.0092     0.0023     0.0373     0.0093
        4        11     0.0127     0.0052     0.0524     0.0214
        2        12     0.0007     0.0005     0.0027     0.0019
  ***** Calculate block averages ************
   number of averages            2
   1   -4.725553   4.602608
   2   -4.675119   4.824990
   3   -4.666042   4.835774
   4   -4.717110   4.621049
   5   -4.748020   4.546714
   6   -4.765134   4.363429
   7   -4.699734   4.675520
   8   -4.692578   4.730024
   9   -4.718114   4.579819
  10   -4.759559   4.458825
  11   -4.759599   4.471720
  12   -4.678652   4.819981
  13   -4.779203   4.329144
  14   -4.621063   4.979106
  15   -4.718641   4.658169
  16   -4.655178   4.853464
  17   -4.665098   4.841525
  18   -4.736505   4.551276
  19   -4.733006   4.616373
  20   -4.711027   4.641423
 ###### energy       -4.71124685         0.03719689
 ###### press         4.65004658         0.15467631
    nblok      opbl     avenergy   savenergy  avpress    savpress 
    10000         0     0.0017     0.0000     0.0069     0.0000
     5000         1     0.0023     0.0000     0.0095     0.0001
     2500         2     0.0031     0.0000     0.0129     0.0002
     1250         3     0.0041     0.0001     0.0172     0.0003
      625         4     0.0052     0.0001     0.0222     0.0006
      312         5     0.0063     0.0003     0.0276     0.0011
      156         6     0.0075     0.0004     0.0333     0.0019
       78         7     0.0085     0.0007     0.0386     0.0031
       39         8     0.0096     0.0011     0.0433     0.0050
       19         9     0.0095     0.0016     0.0420     0.0070
        9        10     0.0092     0.0023     0.0373     0.0093
        4        11     0.0127     0.0052     0.0524     0.0214
        2        12     0.0007     0.0005     0.0027     0.0019
  ***** Calculate block averages ************
   number of averages            2
   1   -4.707532   4.647980
   2   -4.735264   4.522595
   3   -4.709087   4.639127
   4   -4.745635   4.497072
   5   -4.745803   4.462818
   6   -4.743214   4.492697
   7   -4.699175   4.696532
   8   -4.723580   4.599768
   9   -4.738894   4.524235
  10   -4.701810   4.647970
  11   -4.742765   4.503327
  12   -4.716374   4.629615
  13   -4.727231   4.602918
  14   -4.756040   4.474795
  15   -4.728375   4.573261
  16   -4.715881   4.604495
  17   -4.724877   4.582762
  18   -4.693201   4.737990
  19   -4.732591   4.577522
  20   -4.722726   4.601374
 ###### energy       -4.72550279         0.03748515
 ###### press         4.58094262         0.15483611
    nblok      opbl     avenergy   savenergy  avpress    savpress 
   100000         0     0.0005     0.0000     0.0022     0.0000
    50000         1     0.0007     0.0000     0.0030     0.0000
    25000         2     0.0010     0.0000     0.0041     0.0000
    12500         3     0.0013     0.0000     0.0055     0.0000
     6250         4     0.0017     0.0000     0.0070     0.0001
     3125         5     0.0020     0.0000     0.0088     0.0001
     1562         6     0.0024     0.0000     0.0106     0.0002
      781         7     0.0028     0.0001     0.0124     0.0003
      390         8     0.0032     0.0001     0.0141     0.0005
      195         9     0.0035     0.0002     0.0156     0.0008
       97        10     0.0038     0.0003     0.0175     0.0013
       48        11     0.0038     0.0004     0.0173     0.0018
       24        12     0.0036     0.0005     0.0154     0.0023
       12        13     0.0034     0.0007     0.0149     0.0032
        6        14     0.0033     0.0011     0.0155     0.0049
        3        15     0.0026     0.0013     0.0160     0.0080
