  ***** Calculate block averages ************
   number of averages            2
   1   -3.441216   1.514467
   2   -3.432082   1.502026
   3   -3.433429   1.487302
   4   -3.421542   1.535639
   5   -3.429254   1.451445
   6   -3.428690   1.520971
   7   -3.434161   1.496242
   8   -3.437100   1.469233
   9   -3.450607   1.491480
  10   -3.433194   1.511332
  11   -3.437522   1.506333
  12   -3.437414   1.489742
  13   -3.434052   1.534200
  14   -3.424840   1.527135
  15   -3.422667   1.509000
  16   -3.432652   1.465748
  17   -3.425195   1.558584
  18   -3.430292   1.532352
  19   -3.436810   1.490151
  20   -3.433662   1.482210
 ###### energy       -3.43281910         0.02631369
 ###### press         1.50377969         0.09955195
    nblok      opbl     avenergy   savenergy  avpress    savpress 
   100000         0     0.0004     0.0000     0.0014     0.0000
    50000         1     0.0005     0.0000     0.0019     0.0000
    25000         2     0.0007     0.0000     0.0025     0.0000
    12500         3     0.0008     0.0000     0.0033     0.0000
     6250         4     0.0010     0.0000     0.0040     0.0000
     3125         5     0.0012     0.0000     0.0047     0.0001
     1562         6     0.0013     0.0000     0.0052     0.0001
      781         7     0.0014     0.0000     0.0058     0.0001
      390         8     0.0014     0.0001     0.0059     0.0002
      195         9     0.0015     0.0001     0.0062     0.0003
       97        10     0.0015     0.0001     0.0061     0.0004
       48        11     0.0014     0.0001     0.0059     0.0006
       24        12     0.0016     0.0002     0.0056     0.0008
       12        13     0.0019     0.0004     0.0058     0.0012
        6        14     0.0019     0.0006     0.0041     0.0013
        3        15     0.0028     0.0014     0.0031     0.0015
