  ***** Calculate block averages ************
   number of averages            2
   1   -5.014687   7.420772
   2   -5.013173   7.469451
   3   -4.992310   7.577121
   4   -5.073921   7.189509
   5   -4.964916   7.586722
   6   -5.067640   7.214273
   7   -5.072068   7.169703
   8   -5.051276   7.285322
   9   -5.090949   7.167004
  10   -5.000077   7.575379
  11   -5.117667   7.034484
  12   -5.079637   7.236551
  13   -5.054021   7.305491
  14   -5.092826   7.162024
  15   -4.958954   7.708825
  16   -5.014634   7.419500
  17   -5.031137   7.371573
  18   -5.007307   7.540948
  19   -4.930323   7.746002
  20   -5.025158   7.345003
 ###### energy       -5.03263407         0.04098277
 ###### press         7.37628288         0.16825615
    nblok      opbl     avenergy   savenergy  avpress    savpress 
    10000         0     0.0018     0.0000     0.0075     0.0001
     5000         1     0.0025     0.0000     0.0104     0.0001
     2500         2     0.0034     0.0000     0.0141     0.0002
     1250         3     0.0045     0.0001     0.0188     0.0004
      625         4     0.0058     0.0002     0.0242     0.0007
      312         5     0.0071     0.0003     0.0297     0.0012
      156         6     0.0082     0.0005     0.0351     0.0020
       78         7     0.0094     0.0008     0.0396     0.0032
       39         8     0.0099     0.0011     0.0404     0.0046
       19         9     0.0118     0.0020     0.0451     0.0075
        9        10     0.0130     0.0032     0.0501     0.0125
        4        11     0.0141     0.0058     0.0505     0.0206
        2        12     0.0086     0.0061     0.0136     0.0096
  ***** Calculate block averages ************
   number of averages            2
   1   -5.014687   7.420772
   2   -5.013173   7.469451
   3   -4.992310   7.577121
   4   -5.073921   7.189509
   5   -4.964916   7.586722
   6   -5.067640   7.214273
   7   -5.072068   7.169703
   8   -5.051276   7.285322
   9   -5.090949   7.167004
  10   -5.000077   7.575379
  11   -5.117667   7.034484
  12   -5.079637   7.236551
  13   -5.054021   7.305491
  14   -5.092826   7.162024
  15   -4.958954   7.708825
  16   -5.014634   7.419500
  17   -5.031137   7.371573
  18   -5.007307   7.540948
  19   -4.930323   7.746002
  20   -5.025158   7.345003
 ###### energy       -5.03263407         0.04098277
 ###### press         7.37628288         0.16825615
    nblok      opbl     avenergy   savenergy  avpress    savpress 
    10000         0     0.0018     0.0000     0.0075     0.0001
     5000         1     0.0025     0.0000     0.0104     0.0001
     2500         2     0.0034     0.0000     0.0141     0.0002
     1250         3     0.0045     0.0001     0.0188     0.0004
      625         4     0.0058     0.0002     0.0242     0.0007
      312         5     0.0071     0.0003     0.0297     0.0012
      156         6     0.0082     0.0005     0.0351     0.0020
       78         7     0.0094     0.0008     0.0396     0.0032
       39         8     0.0099     0.0011     0.0404     0.0046
       19         9     0.0118     0.0020     0.0451     0.0075
        9        10     0.0130     0.0032     0.0501     0.0125
        4        11     0.0141     0.0058     0.0505     0.0206
        2        12     0.0086     0.0061     0.0136     0.0096
  ***** Calculate block averages ************
   number of averages            2
   1   -5.014687   7.420772
   2   -5.013173   7.469451
   3   -4.992310   7.577121
   4   -5.073921   7.189509
   5   -4.964916   7.586722
   6   -5.067640   7.214273
   7   -5.072068   7.169703
   8   -5.051276   7.285322
   9   -5.090949   7.167004
  10   -5.000077   7.575379
  11   -5.117667   7.034484
  12   -5.079637   7.236551
  13   -5.054021   7.305491
  14   -5.092826   7.162024
  15   -4.958954   7.708825
  16   -5.014634   7.419500
  17   -5.031137   7.371573
  18   -5.007307   7.540948
  19   -4.930323   7.746002
  20   -5.025158   7.345003
 ###### energy       -5.03263407         0.04098277
 ###### press         7.37628288         0.16825615
    nblok      opbl     avenergy   savenergy  avpress    savpress 
    10000         0     0.0018     0.0000     0.0075     0.0001
     5000         1     0.0025     0.0000     0.0104     0.0001
     2500         2     0.0034     0.0000     0.0141     0.0002
     1250         3     0.0045     0.0001     0.0188     0.0004
      625         4     0.0058     0.0002     0.0242     0.0007
      312         5     0.0071     0.0003     0.0297     0.0012
      156         6     0.0082     0.0005     0.0351     0.0020
       78         7     0.0094     0.0008     0.0396     0.0032
       39         8     0.0099     0.0011     0.0404     0.0046
       19         9     0.0118     0.0020     0.0451     0.0075
        9        10     0.0130     0.0032     0.0501     0.0125
        4        11     0.0141     0.0058     0.0505     0.0206
        2        12     0.0086     0.0061     0.0136     0.0096
  ***** Calculate block averages ************
   number of averages            2
   1   -5.023772   7.409657
   2   -5.061571   7.262317
   3   -5.073703   7.205961
   4   -5.030686   7.388871
   5   -5.046813   7.324479
   6   -5.053348   7.301290
   7   -5.008967   7.495718
   8   -5.022900   7.421786
   9   -5.064349   7.253382
  10   -5.075644   7.193199
  11   -5.033687   7.353912
  12   -5.046741   7.311518
  13   -5.053623   7.326732
  14   -5.054504   7.292484
  15   -4.988707   7.561093
  16   -5.041005   7.346636
  17   -4.993855   7.540030
  18   -5.024693   7.399025
  19   -5.040905   7.325029
  20   -5.037504   7.354189
 ###### energy       -5.03884873         0.04260691
 ###### press         7.35336531         0.17755662
    nblok      opbl     avenergy   savenergy  avpress    savpress 
   100000         0     0.0006     0.0000     0.0025     0.0000
    50000         1     0.0008     0.0000     0.0035     0.0000
    25000         2     0.0011     0.0000     0.0047     0.0000
    12500         3     0.0015     0.0000     0.0064     0.0000
     6250         4     0.0020     0.0000     0.0083     0.0001
     3125         5     0.0025     0.0000     0.0106     0.0001
     1562         6     0.0030     0.0001     0.0130     0.0002
      781         7     0.0036     0.0001     0.0157     0.0004
      390         8     0.0042     0.0002     0.0183     0.0007
      195         9     0.0047     0.0002     0.0205     0.0010
       97        10     0.0047     0.0003     0.0202     0.0015
       48        11     0.0048     0.0005     0.0199     0.0021
       24        12     0.0049     0.0007     0.0212     0.0031
       12        13     0.0043     0.0009     0.0191     0.0041
        6        14     0.0041     0.0013     0.0163     0.0052
        3        15     0.0058     0.0029     0.0207     0.0104
