  ***** Calculate block averages ************
   number of averages            2
   1   -4.304956   2.984955
   2   -4.311618   2.907028
   3   -4.300626   2.998489
   4   -4.303679   3.000816
   5   -4.314241   2.918112
   6   -4.309250   2.959511
   7   -4.308357   2.968948
   8   -4.299912   2.979241
   9   -4.297733   3.059320
  10   -4.302377   2.981751
  11   -4.289684   3.031682
  12   -4.296115   2.990655
  13   -4.293924   3.026022
  14   -4.313222   2.953485
  15   -4.288139   3.074211
  16   -4.294887   3.051919
  17   -4.293914   3.022132
  18   -4.303937   2.984027
  19   -4.300426   2.981818
  20   -4.292292   3.045545
 ###### energy       -4.30096452         0.03257664
 ###### press         2.99598344         0.13279385
    nblok      opbl     avenergy   savenergy  avpress    savpress 
   100000         0     0.0005     0.0000     0.0019     0.0000
    50000         1     0.0006     0.0000     0.0026     0.0000
    25000         2     0.0008     0.0000     0.0035     0.0000
    12500         3     0.0011     0.0000     0.0046     0.0000
     6250         4     0.0014     0.0000     0.0058     0.0001
     3125         5     0.0016     0.0000     0.0071     0.0001
     1562         6     0.0019     0.0000     0.0084     0.0002
      781         7     0.0020     0.0001     0.0093     0.0002
      390         8     0.0021     0.0001     0.0098     0.0003
      195         9     0.0021     0.0001     0.0098     0.0005
       97        10     0.0023     0.0002     0.0111     0.0008
       48        11     0.0023     0.0002     0.0110     0.0011
       24        12     0.0019     0.0003     0.0087     0.0013
       12        13     0.0019     0.0004     0.0080     0.0017
        6        14     0.0023     0.0007     0.0112     0.0035
        3        15     0.0034     0.0017     0.0172     0.0086
  ***** Calculate block averages ************
   number of averages            2
   1   -4.304956   2.984955
   2   -4.311618   2.907028
   3   -4.300626   2.998489
   4   -4.303679   3.000816
   5   -4.314241   2.918112
   6   -4.309250   2.959511
   7   -4.308357   2.968948
   8   -4.299912   2.979241
   9   -4.297733   3.059320
  10   -4.302377   2.981751
  11   -4.289684   3.031682
  12   -4.296115   2.990655
  13   -4.293924   3.026022
  14   -4.313222   2.953485
  15   -4.288139   3.074211
  16   -4.294887   3.051919
  17   -4.293914   3.022132
  18   -4.303937   2.984027
  19   -4.300426   2.981818
  20   -4.292292   3.045545
 ###### energy       -4.30096452         0.03257664
 ###### press         2.99598344         0.13279385
    nblok      opbl     avenergy   savenergy  avpress    savpress 
   100000         0     0.0005     0.0000     0.0019     0.0000
    50000         1     0.0006     0.0000     0.0026     0.0000
    25000         2     0.0008     0.0000     0.0035     0.0000
    12500         3     0.0011     0.0000     0.0046     0.0000
     6250         4     0.0014     0.0000     0.0058     0.0001
     3125         5     0.0016     0.0000     0.0071     0.0001
     1562         6     0.0019     0.0000     0.0084     0.0002
      781         7     0.0020     0.0001     0.0093     0.0002
      390         8     0.0021     0.0001     0.0098     0.0003
      195         9     0.0021     0.0001     0.0098     0.0005
       97        10     0.0023     0.0002     0.0111     0.0008
       48        11     0.0023     0.0002     0.0110     0.0011
       24        12     0.0019     0.0003     0.0087     0.0013
       12        13     0.0019     0.0004     0.0080     0.0017
        6        14     0.0023     0.0007     0.0112     0.0035
        3        15     0.0034     0.0017     0.0172     0.0086
Note: The following floating-point exceptions are signalling: IEEE_INVALID_FLAG
  ***** Calculate block averages ************
   number of averages            2
   1         NaN        NaN
   2         NaN        NaN
   3         NaN        NaN
   4         NaN        NaN
   5         NaN        NaN
   6         NaN        NaN
   7         NaN        NaN
   8         NaN        NaN
   9         NaN        NaN
  10         NaN        NaN
  11         NaN        NaN
  12         NaN        NaN
  13         NaN        NaN
  14         NaN        NaN
  15         NaN        NaN
  16         NaN        NaN
  17         NaN        NaN
  18         NaN        NaN
  19         NaN        NaN
  20         NaN        NaN
 ###### energy               NaN                NaN
 ###### press                NaN                NaN
    nblok      opbl     avenergy   savenergy  avpress    savpress 
        0         0        NaN        NaN        NaN        NaN
